0,310.699
1,293.585
2,272.356
3,256.543
4,246.646
5,238.875
6,233.042
7,228.027
8,223.329
9,219.624
10,215.051
11,208.155
12,199.569
13,192.822
14,187.452
15,183.892
16,182.177
17,179.142
18,177.975
19,176.527
20,175.276
21,174.187
22,172.267
23,169.804
24,167.619
25,164.53
26,162.263
27,160.934
28,159.075
29,157.716
30,155.737
31,154.531
32,153.251
33,152.805
34,151.6
35,150.789
36,149.151
37,147.874
38,146.165
39,144.385
40,142.767
41,140.067
42,137.855
43,135.262
44,132.556
45,129.723
46,128.829
47,127.353
48,126.085
49,124.638
50,122.109
51,119.142
52,117.809
53,116.768
54,114.457
55,112.733
56,111.092
57,109.986
58,107.947
59,106.406
60,105.659
61,104.45
62,103.802
63,103.132
64,102.127
65,101.806
66,100.959
67,100.589
68,100.381
69,99.7242
70,98.9506
71,98.7042
72,98.406
73,98.2535
74,98.0446
75,97.8955
76,97.7776
77,97.6864
78,97.6595
79,97.522
80,97.4507
81,97.4097
82,97.3201
83,97.1804
84,97.0814
85,97.0497
86,97.0222
87,96.989
88,96.8768
89,96.8062
90,96.676
91,96.5484
92,96.3781
93,96.2531
94,96.0997
95,95.937
96,95.7999
97,95.7353
98,95.6519
99,95.4552
100,95.411
101,95.3496
102,95.2461
103,95.1716
104,95.1275
105,95.0952
106,95.0895
107,95.0745
108,95.0683
109,95.0601
110,95.0503
111,95.0446
112,95.0474
113,95.0358
114,95.0289
115,95.0284
116,95.0225
117,95.0199
118,95.014
119,95.0137
120,95.0128
121,95.0089
122,95.0046
123,95.0026
124,95.0003
125,95.0008
126,95.003
127,95.0003
128,95.0009
129,95.0019
130,95.0036
131,95.0003
132,95.0003
133,95.0003
134,95.0003
135,95.0003
136,95.0003
137,95.0003
138,95.0003
139,95.0003
140,95.0003
141,95.0003
142,95.0003
143,95.0003
144,95.0003
145,95.0003
146,95.0003
147,95.0003
148,95.0003
149,95.0003
150,95.0003
151,95.0003
152,95.0003
153,95.0003
154,95.0003
155,95.0003
156,95.0003
157,95.0003
158,95.0003
159,95.0003
160,95.0003
161,95.0003
162,95.0003
163,95.0003
164,95.0003
165,95.0003
166,95.0003
167,95.0003
168,95.0003
169,95.0003
170,95.0003
171,95.0003
172,95.0003
173,95.0003
174,94.9997
175,94.9977
176,94.9906
177,94.9805
178,94.9714
179,94.9599
180,95.0863
181,95.1214
182,95.0867
183,94.9323
184,94.9176
185,94.9176
186,94.9176
187,94.9176
188,94.9176
189,94.9176
190,94.9176
191,94.9176
192,94.9176
193,94.9176
194,94.9176
195,94.9176
196,94.9176
197,94.9176
198,94.9176
199,94.9176
200,94.9176
201,94.9176
202,94.9176
203,94.9176
204,94.9176
205,94.9176
206,94.9176
207,94.9176
208,94.9176
209,94.9176
210,94.9176
211,94.9176
212,94.9176
213,94.9176
214,94.9176
215,94.9176
216,94.9176
217,94.9176
218,94.9176
219,94.9176
220,94.9176
221,94.9176
222,94.9176
223,94.9176
224,94.9176
225,94.9176
226,94.9176
227,94.9176
228,94.9176
229,94.9176
230,94.9176
231,94.9176
232,94.9176
233,94.9176
234,94.9176
235,94.9176
236,94.9176
237,94.9176
238,94.9176
239,94.9176
240,94.9176
241,94.9176
242,94.9176
243,94.9176
244,94.9176
245,94.9176
246,94.9176
247,94.9176
248,94.9176
249,94.9176
250,94.9176
251,94.9176
252,94.9176
253,94.9176
254,94.9176
255,94.9176
256,94.9176
257,94.9176
258,94.9176
259,94.9176
260,94.9176
261,94.9176
262,94.9176
263,94.9176
264,94.9176
265,94.9176
266,94.9176
267,94.9176
268,94.9176
269,94.9176
270,94.9176
271,94.9176
272,94.9176
273,94.9176
274,94.9176
275,94.9176
276,94.9176
277,94.9176
278,94.9176
279,94.9176
280,94.9176
281,94.9176
282,94.9176
283,94.9176
284,94.9176
285,94.9176
286,94.9176
287,94.9176
288,94.9176
289,94.9176
290,94.9176
291,94.9176
292,94.9176
293,94.9176
294,94.9176
295,94.9176
296,94.9176
297,94.9176
298,94.9176
299,94.9176
300,94.9176
301,94.9176
302,94.9176
303,94.9176
304,94.9176
305,94.9176
306,94.9176
307,94.9176
308,94.9176
309,94.9176
310,94.9176
311,94.9176
312,94.9176
313,94.9176
314,94.9176
315,94.9176
316,94.9176
317,94.9176
318,94.9176
319,94.9176
320,94.9176
321,94.9176
322,94.9176
323,94.9176
324,94.9176
325,94.9176
326,94.9176
327,94.9176
328,94.9176
329,94.9176
330,94.9176
331,94.9176
332,94.9176
333,94.9176
334,94.9176
335,94.9176
336,94.9176
337,94.9176
338,94.9176
339,94.9176
340,94.9176
341,94.9176
342,94.9176
343,94.9176
344,94.9176
345,94.9176
346,94.9176
347,94.9176
348,94.9176
349,94.9176
350,94.9176
351,94.9176
352,94.9176
353,94.9176
354,94.9176
355,94.9176
356,94.9176
357,94.9176
358,94.9176
359,94.9176
360,94.9176
361,94.9176
362,94.9176
363,94.9176
364,94.9176
365,94.9176
366,94.9176
367,94.9176
368,94.9176
369,94.9176
370,94.9176
371,94.9176
372,94.9176
373,94.9176
374,94.9176
375,94.9176
376,94.9176
377,94.9176
378,94.9176
379,94.9176
380,94.9176
381,94.9176
382,94.9176
383,94.9176
384,94.9176
385,94.9176
386,94.9176
387,94.9176
388,94.9176
389,94.9176
390,94.9176
391,94.9176
392,94.9176
393,94.9176
394,94.9176
395,94.9176
396,94.9176
397,94.9176
398,94.9176
399,94.9176
400,94.9176
401,94.9176
402,94.9176
403,94.9176
404,94.9176
405,94.9176
406,94.9176
407,94.9176
408,94.9176
409,94.9176
410,94.9176
411,94.9176
412,94.9176
413,94.9176
414,94.9176
415,94.9176
416,94.9176
417,94.9176
418,94.9176
419,94.9176
420,94.9176
421,94.9176
422,94.9176
423,94.9176
424,94.9176
425,94.9176
426,94.9176
427,94.9176
428,94.9176
429,94.9176
430,94.9176
431,94.9176
432,94.9176
433,94.9176
434,94.9176
435,94.9176
436,94.9176
437,94.9176
438,94.9176
439,94.9176
440,94.9176
441,94.9176
442,94.9176
443,94.9176
444,94.9176
445,94.9176
446,94.9176
447,94.9176
448,94.9176
449,94.9176
450,94.9176
451,94.9176
452,94.9176
453,94.9176
454,94.9176
455,94.9176
456,94.9176
457,94.9176
458,94.9176
459,94.9176
460,94.9176
461,94.9176
462,94.9176
463,94.9176
464,94.9176
465,94.9176
466,94.9176
467,94.9176
468,94.9176
469,94.9176
470,94.9176
471,94.9176
472,94.9176
473,94.9176
474,94.9176
475,94.9176
476,94.9176
477,94.9176
478,94.9176
479,94.9176
480,94.9176
481,94.9176
482,94.9176
483,94.9176
484,94.9176
485,94.9176
486,94.9176
487,94.9176
488,94.9176
489,94.9176
490,94.9176
491,94.9176
492,94.9176
493,94.9176
494,94.9176
495,94.9176
496,94.9176
497,94.9176
498,94.9176
499,94.9176
500,94.9176
501,94.9176
502,94.9176
503,94.9176
504,94.9176
505,94.9176
506,94.9176
507,94.9176
508,94.9176
509,94.9176
510,94.9176
511,94.9176
512,94.9176
513,94.9176
514,94.9176
515,94.9176
516,94.9176
517,94.9176
518,94.9176
519,94.9176
520,94.9176
521,94.9176
522,94.9176
523,94.9176
524,94.9176
525,94.9176
526,94.9176
527,94.9176
528,94.9176
529,94.9176
530,94.9176
531,94.9176
532,94.9176
533,94.9176
534,94.9176
535,94.9176
536,94.9176
537,94.9176
538,94.9176
539,94.9176
540,94.9176
541,94.9176
542,94.9176
543,94.9176
544,94.9176
545,94.9176
546,94.9176
547,94.9176
548,94.9176
549,94.9176
550,94.9176
551,94.9176
552,94.9176
553,94.9176
554,94.9176
555,94.9176
556,94.9176
557,94.9176
558,94.9176
559,94.9176
560,94.9176
561,94.9176
562,94.9176
563,94.9176
564,94.9176
565,94.9176
566,94.9176
567,94.9176
568,94.9176
569,94.9176
570,94.9176
571,94.9176
572,94.9176
573,94.9176
574,94.9176
575,94.9176
576,94.9176
577,94.9176
578,94.9176
579,94.9176
580,94.9176
581,94.9176
582,94.9176
583,94.9176
584,94.9176
585,94.9176
586,94.9176
587,94.9176
588,94.9176
589,94.9176
590,94.9176
591,94.9176
592,94.9176
593,94.9176
594,94.9176
595,94.9176
596,94.9176
597,94.9176
598,94.9176
599,94.9176
600,94.9176
601,94.9176
602,94.9176
603,94.9176
604,94.9176
605,94.9176
606,94.9176
607,94.9176
608,94.9176
609,94.9176
610,94.9176
611,94.9176
612,94.9176
613,94.9176
614,94.9176
615,94.9176
616,94.9176
617,94.9176
618,94.9176
619,94.9176
620,94.9176
621,94.9176
622,94.9176
623,94.9176
624,94.9176
625,94.9176
626,94.9176
627,94.9176
628,94.9176
629,94.9176
630,94.9176
631,94.9176
632,94.9176
633,94.9176
634,94.9176
635,94.9176
636,94.9176
637,94.9176
638,94.9176
639,94.9176
640,94.9176
641,94.9176
642,94.9176
643,94.9176
644,94.9176
645,94.9176
646,94.9176
647,94.9176
648,94.9176
649,94.9176
650,94.9176
651,94.9176
652,94.9176
653,94.9176
654,94.9176
655,94.9176
656,94.9176
657,94.9176
658,94.9176
659,94.9176
660,94.9176
661,94.9176
662,94.9176
663,94.9176
664,94.9176
665,94.9176
666,94.9176
667,94.9176
668,94.9176
669,94.9176
670,94.9176
671,94.9176
672,94.9176
673,94.9176
674,94.9176
675,94.9176
676,94.9176
677,94.9176
678,94.9176
679,94.9176
680,94.9176
681,94.9176
682,94.9176
683,94.9176
684,94.9176
685,94.9176
686,94.9176
687,94.9176
688,94.9176
689,94.9176
690,94.9176
691,94.9176
692,94.9176
693,94.9176
694,94.9176
695,94.9176
696,94.9176
697,94.9176
698,94.9176
699,94.9176
700,94.9176
701,94.9176
702,94.9176
703,94.9176
704,94.9176
705,94.9176
706,94.9176
707,94.9176
708,94.9176
709,94.9176
710,94.9176
711,94.9176
712,94.9176
713,94.9176
714,94.9176
715,94.9176
716,94.9176
717,94.9176
718,94.9176
719,94.9176
720,94.9176
721,94.9176
722,94.9176
723,94.9176
724,94.9176
725,94.9176
726,94.9176
727,94.9176
728,94.9176
729,94.9176
730,94.9176
731,94.9176
732,94.9176
733,94.9176
734,94.9176
735,94.9176
736,94.9176
737,94.9176
738,94.9176
739,94.9176
740,94.9176
741,94.9176
742,94.9176
743,94.9176
744,94.9176
745,94.9176
746,94.9176
747,94.9176
748,94.9176
749,94.9176
750,94.9176
751,94.9176
752,94.9176
753,94.9176
754,94.9176
755,94.9176
756,94.9176
757,94.9176
758,94.9176
759,94.9176
760,94.9176
761,94.9176
762,94.9176
763,94.9176
764,94.9176
765,94.9176
766,94.9176
767,94.9176
768,94.9176
769,94.9176
770,94.9176
771,94.9176
772,94.9176
773,94.9176
774,94.9176
775,94.9176
776,94.9176
777,94.9176
778,94.9176
779,94.9176
780,94.9176
781,94.9176
782,94.9176
783,94.9176
784,94.9176
785,94.9176
786,94.9176
787,94.9176
788,94.9176
789,94.9176
790,94.9176
791,94.9176
792,94.9176
793,94.9176
794,94.9176
795,94.9176
796,94.9176
797,94.9176
798,94.9176
799,94.9176
800,94.9176
801,94.9176
802,94.9176
803,94.9176
804,94.9176
805,94.9176
806,94.9176
807,94.9176
808,94.9176
809,94.9176
810,94.9176
811,94.9176
812,94.9176
813,94.9176
814,94.9176
815,94.9176
816,94.9176
817,94.9176
818,94.9176
819,94.9176
820,94.9176
821,94.9176
822,94.9176
823,94.9176
824,94.9176
825,94.9176
826,94.9176
827,94.9176
828,94.9176
829,94.9176
830,94.9176
831,94.9176
832,94.9176
833,94.9176
834,94.9176
835,94.9176
836,94.9176
837,94.9176
838,94.9176
839,94.9176
840,94.9176
841,94.9176
842,94.9176
843,94.9176
844,94.9176
845,94.9176
846,94.9176
847,94.9176
848,94.9176
849,94.9176
850,94.9176
851,94.9176
852,94.9176
853,94.9176
854,94.9176
855,94.9176
856,94.9176
857,94.9176
858,94.9176
859,94.9176
860,94.9176
861,94.9176
862,94.9176
863,94.9176
864,94.9176
865,94.9176
866,94.9176
867,94.9176
868,94.9176
869,94.9176
870,94.9176
871,94.9176
872,94.9176
873,94.9176
874,94.9176
875,94.9176
876,94.9176
877,94.9176
878,94.9176
879,94.9176
880,94.9176
881,94.9176
882,94.9176
883,94.9176
884,94.9176
885,94.9176
886,94.9176
887,94.9176
888,94.9176
889,94.9176
890,94.9176
891,94.9176
892,94.9176
893,94.9176
894,94.9176
895,94.9176
896,94.9176
897,94.9176
898,94.9176
899,94.9176
900,94.9176
901,94.9176
902,94.9176
903,94.9176
904,94.9176
905,94.9176
906,94.9176
907,94.9176
908,94.9176
909,94.9176
910,94.9176
911,94.9176
912,94.9176
913,94.9176
914,94.9176
915,94.9176
916,94.9176
917,94.9176
918,94.9176
919,94.9176
920,94.9176
921,94.9176
922,94.9176
923,94.9176
924,94.9176
925,94.9176
926,94.9176
927,94.9176
928,94.9176
929,94.9176
930,94.9176
931,94.9176
932,94.9176
933,94.9176
934,94.9176
935,94.9176
936,94.9176
937,94.9176
938,94.9176
939,94.9176
940,94.9176
941,94.9176
942,94.9176
943,94.9176
944,94.9176
945,94.9176
946,94.9176
947,94.9176
948,94.9176
949,94.9176
950,94.9176
951,94.9176
952,94.9176
953,94.9176
954,94.9176
955,94.9176
956,94.9176
957,94.9176
958,94.9176
959,94.9176
960,94.9176
961,94.9176
962,94.9176
963,94.9176
964,94.9176
965,94.9176
966,94.9176
967,94.9176
968,94.9176
969,94.9176
970,94.9176
971,94.9176
972,94.9176
973,94.9176
974,94.9176
975,94.9176
976,94.9176
977,94.9176
978,94.9176
979,94.9176
980,94.9176
981,94.9176
982,94.9176
983,94.9176
984,94.9176
985,94.9176
986,94.9176
987,94.9176
988,94.9176
989,94.9176
990,94.9176
991,94.9176
992,94.9176
993,94.9176
994,94.9176
995,94.9176
996,94.9176
997,94.9176
998,94.9176
999,94.9176
