0,303.309
1,284.266
2,263.745
3,263.335
4,260.159
5,230.682
6,230.682
7,225.389
8,225.389
9,210.869
10,210.869
11,205.031
12,200.611
13,185.932
14,181.269
15,181.269
16,179.062
17,175.238
18,171.472
19,163.837
20,157.316
21,154.285
22,150.716
23,150.716
24,149.166
25,149.166
26,135.595
27,135.595
28,135.595
29,133.72
30,133.72
31,129.729
32,129.729
33,127.769
34,127.769
35,123.581
36,122.409
37,119.326
38,119.326
39,118.154
40,117.46
41,117.46
42,117.46
43,116.288
44,116.142
45,116.141
46,116.141
47,115.967
48,115.967
49,115.63
50,115.63
51,114.459
52,114.458
53,113.829
54,111.146
55,111.146
56,110.964
57,110.964
58,110.964
59,110.964
60,110.939
61,110.939
62,110.478
63,110.478
64,107.165
65,107.165
66,107.139
67,107.139
68,107.139
69,107.139
70,105.613
71,105.613
72,101.947
73,101.357
74,99.7888
75,94.1257
76,94.1257
77,94.1257
78,89.0021
79,89.0021
80,86.2826
81,83.339
82,83.131
83,83.131
84,81.3918
85,81.1838
86,81.1838
87,81.1603
88,79.7961
89,79.7625
90,79.7625
91,79.7625
92,79.7625
93,79.7625
94,79.7625
95,79.7625
96,78.038
97,76.133
98,76.133
99,76.133
100,76.133
101,76.133
102,76.133
103,76.124
104,76.124
105,76.124
106,76.124
107,76.124
108,76.124
109,76.124
110,76.124
111,76.124
112,76.124
113,75.9679
114,75.9589
115,71.7733
116,71.7733
117,71.7733
118,71.7668
119,71.7668
120,71.6082
121,71.6082
122,71.6082
123,71.6082
124,71.6082
125,71.1453
126,71.1453
127,71.0601
128,69.6859
129,69.6859
130,69.6859
131,69.6859
132,69.6859
133,69.6859
134,69.6859
135,69.6859
136,69.6859
137,69.6859
138,69.6859
139,69.6859
140,69.6859
141,69.6859
142,69.6859
143,69.6859
144,69.6859
145,69.6859
146,69.6859
147,69.6859
148,69.6859
149,69.6859
150,69.4163
151,69.4163
152,69.4163
153,69.4163
154,69.4163
155,69.4142
156,69.4142
157,69.4142
158,67.1339
159,67.1339
160,67.1339
161,67.1339
162,67.1339
163,66.1479
164,66.1479
165,66.1479
166,66.1479
167,66.1479
168,66.1479
169,66.1479
170,66.1479
171,66.1479
172,66.0496
173,66.0496
174,66.0496
175,66.0496
176,64.1718
177,64.1718
178,64.1718
179,64.1612
180,64.1612
181,64.1612
182,64.1612
183,64.1612
184,64.1612
185,64.0234
186,64.0234
187,64.0234
188,64.0234
189,64.0234
190,62.7551
191,62.7551
192,62.7551
193,62.755
194,62.4698
195,62.4698
196,62.4698
197,62.4698
198,62.4698
199,62.4698
200,62.4698
201,62.4698
202,62.4698
203,62.4698
204,62.4698
205,62.4698
206,62.4698
207,62.4698
208,62.4698
209,62.4698
210,62.4698
211,62.4698
212,62.4698
213,62.4698
214,62.4698
215,62.4698
216,62.4698
217,62.4698
218,62.4698
219,62.4698
220,62.4698
221,62.4698
222,62.4698
223,62.4698
224,62.4698
225,62.4698
226,62.4698
227,62.4698
228,62.4698
229,62.4698
230,62.4698
231,62.4698
232,62.4698
233,62.4698
234,62.4698
235,62.4698
236,62.4698
237,62.4698
238,62.4698
239,62.4698
240,62.4698
241,62.4698
242,62.4698
243,62.4698
244,62.4698
245,62.4698
246,62.4698
247,62.4698
248,62.4698
249,62.4698
250,62.4698
251,62.4698
252,62.4698
253,62.4698
254,62.4698
255,62.4698
256,62.4698
257,62.4698
258,62.4698
259,62.4698
260,62.4698
261,62.4698
262,62.4698
263,62.4698
264,62.4698
265,62.4698
266,62.4698
267,62.4698
268,62.4698
269,62.4698
270,62.4698
271,62.4698
272,62.4698
273,62.4698
274,62.4698
275,62.4698
276,62.4698
277,62.4698
278,62.4698
279,62.4698
280,62.4698
281,62.4698
282,62.4698
283,62.4698
284,62.4698
285,62.4698
286,62.4698
287,62.4698
288,62.4698
289,62.4698
290,62.4698
291,62.4698
292,62.4698
293,62.4698
294,62.4698
295,62.4698
296,62.4698
297,62.4698
298,62.4698
299,62.4698
300,62.4698
301,62.4698
302,62.4698
303,62.4698
304,62.4698
305,62.4698
306,62.4698
307,62.4698
308,62.4698
309,62.4698
310,62.4698
311,62.4698
312,62.4698
313,62.4698
314,62.4698
315,62.4698
316,62.4698
317,62.4698
318,62.4698
319,62.4698
320,62.4698
321,62.4698
322,62.4698
323,62.4698
324,62.4698
325,62.4698
326,62.4698
327,62.4698
328,62.4698
329,62.4698
330,62.4698
331,62.4698
332,62.4698
333,62.4698
334,62.4698
335,62.4698
336,62.4698
337,62.4698
338,62.4698
339,62.4698
340,62.4698
341,62.4698
342,62.4698
343,62.4698
344,62.4698
345,62.4698
346,62.4698
347,62.4698
348,62.4698
349,62.4698
350,62.4698
351,62.4698
352,62.4698
353,62.4698
354,62.4698
355,62.4698
356,62.4698
357,62.4698
358,62.4698
359,62.4698
360,62.4698
361,62.4698
362,62.4698
363,62.4698
364,62.4698
365,62.4698
366,62.4698
367,62.4698
368,62.4698
369,62.4698
370,62.4698
371,62.4698
372,62.4698
373,62.4698
374,62.4698
375,62.4698
376,62.4698
377,62.4698
378,62.4698
379,62.4698
380,62.4698
381,62.4698
382,62.4698
383,62.4698
384,62.4698
385,62.4698
386,62.4698
387,62.4698
388,62.4698
389,62.4698
390,62.4698
391,62.4698
392,62.4698
393,62.4698
394,62.4698
395,62.4698
396,62.4698
397,62.4698
398,62.4698
399,62.4698
400,62.4698
401,62.4698
402,62.4698
403,62.4698
404,62.4698
405,62.4698
406,62.4698
407,62.4698
408,62.4698
409,62.4698
410,62.4698
411,62.4698
412,62.4698
413,62.4698
414,62.4698
415,62.4698
416,62.4698
417,62.4698
418,62.4698
419,62.4698
420,62.4698
421,62.4698
422,62.4698
423,62.4698
424,62.4698
425,62.4698
426,62.4698
427,62.4698
428,62.4698
429,62.4698
430,62.4698
431,62.4698
432,62.4698
433,62.4698
434,62.4698
435,62.4698
436,62.4698
437,62.4698
438,62.4698
439,62.4698
440,62.4698
441,62.4698
442,62.4698
443,62.4698
444,62.4698
445,62.4698
446,62.4698
447,62.4698
448,62.4698
449,62.4698
450,62.4698
451,62.4698
452,62.4698
453,62.4698
454,62.4698
455,62.4698
456,62.4698
457,62.4698
458,62.4698
459,62.4698
460,62.4698
461,62.4698
462,62.4698
463,62.4698
464,62.4698
465,62.4698
466,62.4698
467,62.4698
468,62.4698
469,62.4698
470,62.4698
471,62.4698
472,62.4698
473,62.4698
474,62.4698
475,62.4698
476,62.4698
477,62.4698
478,62.4698
479,62.4698
480,62.4698
481,62.4698
482,62.4698
483,62.4698
484,62.4698
485,62.4698
486,62.4698
487,62.4698
488,62.4698
489,62.4698
490,62.4698
491,62.4698
492,62.4698
493,62.4698
494,62.4698
495,62.4698
496,62.4698
497,62.4698
498,62.4698
499,62.4698
